-29.47
73.69
27.05
3.63
-59.76
29.41
62.81
51.79
42.52
-82.84
44.34
-57.43
-55.41
-16.18
-92.61
-3.33
-65.79
-35.65
-48.87
95.53
80.74
11.59
-27.47
-81.78
67.63
-63.58
-57.83
-39.61
34.07
58.41
-63.76
-63.76
83.19
-52.47
58.26
68.28
2.51
-39.39
18.02
42.72
-93.59
84.21
-70.91
-57.32
-99.36
-94.05
-96.6
49.3
-46.53
71.93
-39.13
6.74
-24.34
-59.81
90.01
-16.3
-53.11
-65.06
62.48
45.97
-99.45
-65.13
13.85
24.77
93.5
-91.14
-48.29
-97.68
89.2
-78.12
20.33
38.68
-49.82
41.86
-30.6
29.6
-3.96
24.29
30.1
-79.7
-47.39
23.84
9.83
48.4
12.4
-66.56
42.64
-59.36
60.51
-42.23
30.35
95.76
-65.46
-60.55
-47.03
-15.67
89.27
-40.89
88.38
63.45
